For testArr.txt array, 317 is repeated, and has 490 numbers.
[959 938 511 436 282 829 519 728 660 789 801 375 525 632 437 775  20 643
 106 249 313 828 165 935 918 518 357 638 388 588 585 875 326 354 187 871
  62  99 673 417 265 656 256 507 817 330 653 279 942 601 678  53 168 113
 558 185 281 181 314 744 233 697  61 677 751 362  70  97 302 682 520 184
 533 105 182 228 742  91 454 245 264 715 227 693  55 311 240 152 839 624
 414 327 824 877 170 692 950  34 177 605 234 899 361 205 426 257  35   7
 523  80 772 244  68 975 730 166 226 368 731 219 467 838 220 564 633 995
  63 766 555 711   2 198 837 116 356  13  77 734 466 134 592 141 300 479
 821  49 961 338 983  92 945 293 901 687 885 237 816  21 498 115 690 984
 449 470 577 502 342 270 390 178 536 510 431 548 450 755 639 631 743 974
 741 759 322 636  95 977 365 119 928 317 953 911 635 172 861 537 698 392
 727  51 200  32 552 981 122 347 477 832   4 579 418 242 387 128  38 317
 651 892 609 142 531 530 642 273 916 213 976 608 515 606 487 444 589 545
 594 554 568 148 708 218 740  23 904 622 907 985 890 283  69 167 757 316
 529 371 211 956 795 987 695 398 903 873  17 629 180 543 932 252 164 191
 866 424 341 214 969 471 815 494 712 389 996  19 584 271 224 778  24 709
 348 603 374 189 923  83 957 780 384 868 328 774 358 747 811 222 236 382
 576 754 835 654 652 733 238 225 173 448 720 944 665 998 719 669 376 367
 246 408  67 135 260 563  57 559 247 340 725 799 796 513 250 438 455 100
 900 571   5 235  11 291 948 335 732 856  22 435 104 986 153 176  88 385
 805  45 809 259 989 478 468 171 524 722 193 738 657 912 724 623  52 179
 399 318 407 496 716 484 232 336 381 729 154 978 779 504 372 625 349 891
 573 808 456  27 393 818 611 547  66 706 841 453 288  47 103 206 538 464
 670 663 906 421  79 988 902  76 411 604 842 190 295 441 967 831 770 874
 329 472 306 391  74 645 723 429 581 667 459 979 785 802 305  98 204 352
 413 447 621 934 858 298 909 292 363 147 619 124 833 433 970 575 872  85
 737 679 784 263 958  14  96 931 582 844 646 463 491 451 822 933  94 561
 539 735 155   0   0   0   0   0   0   0   0   0   0   0   0   0   0   0
   0   0   0   0   0   0   0   0   0   0   0   0   0   0   0   0   0   0
   0   0   0   0   0   0   0   0   0   0   0   0   0   0   0   0   0   0
   0   0   0   0   0   0   0   0   0   0   0   0   0   0   0   0   0   0
   0   0   0   0   0   0   0   0   0   0   0   0   0   0   0   0   0   0
   0   0   0   0   0   0   0   0   0   0   0   0   0   0   0   0   0   0
   0   0   0   0   0   0   0   0   0   0   0   0   0   0   0   0   0   0
   0   0   0   0   0   0   0   0   0   0   0   0   0   0   0   0   0   0
   0   0   0   0   0   0   0   0   0   0   0   0   0   0   0   0   0   0
   0   0   0   0   0   0   0   0   0   0   0   0   0   0   0   0   0   0
   0   0   0   0   0   0   0   0   0   0   0   0   0   0   0   0   0   0
   0   0   0   0   0   0   0   0   0   0   0   0   0   0   0   0   0   0
   0   0   0   0   0   0   0   0   0   0   0   0   0   0   0   0   0   0
   0   0   0   0   0   0   0   0   0   0   0   0   0   0   0   0   0   0
   0   0   0   0   0   0   0   0   0   0   0   0   0   0   0   0   0   0
   0   0   0   0   0   0   0   0   0   0   0   0   0   0   0   0   0   0
   0   0   0   0   0   0   0   0   0   0   0   0   0   0   0   0   0   0
   0   0   0   0   0   0   0   0   0   0   0   0   0   0   0   0   0   0
   0   0   0   0   0   0   0   0   0   0   0   0   0   0   0   0   0   0
   0   0   0   0   0   0   0   0   0   0   0   0   0   0   0   0   0   0
   0   0   0   0   0   0   0   0   0   0   0   0   0   0   0   0   0   0
   0   0   0   0   0   0   0   0   0   0   0   0   0   0   0   0   0   0
   0   0   0   0   0   0   0   0   0   0   0   0   0   0   0   0   0   0
   0   0   0   0   0   0   0   0   0   0   0   0   0   0   0   0   0   0
   0   0   0   0   0   0   0   0   0   0   0   0   0   0   0   0   0   0
   0   0   0   0   0   0   0   0   0   0   0   0   0   0   0   0   0   0
   0   0   0   0   0   0   0   0   0   0   0   0   0   0   0   0   0   0
   0   0   0   0   0   0   0   0   0   0   0   0   0   0   0   0   0   0
   0   0   0   0   0   0   0   0   0   0   0]