[908 189 420 574 282 894  29   8  20 304 570 207  65 333 344 411 848 814
 720  67 178 573 276 495 252 611 109 612 392 584 715 816  90 306 375  72
 313 713 322 465 581 921  34 558 602 973 888 270 962 538 206 389 380 694
 984 123  96 128 631 582 138 738 900 211 678 542 972 106 918 497 499  13
 831 371 214 697 357 485 761 779 157 376  87 327 328 544 167 709 358 402
  18 989 990 784 483 325 752 872 623 593 946 510 437 418 773 952 586 801
 370 809 979 367 974  53 795 963 302 639 837 248 880 663  52 378 830 811
 430 685  54 787 433  55 141 181 671 605  12 594 892  74 429 552 395 441
 275 591 644 748 810 587 321 706 826 467 149 194 480 798 598 957 290 266
 117  14 950 726 842 759 238 550  78 172  77 695  79 470 305 140 640 346
 905 139 867 614 383 703 730  36 174 870  93  92 659 439 438 578 664 769
 342 456 412 303 458  38 280 368 835 617 843 295  39 369 669 129 310 832
 409 286 450  56 103 648 560 338   4 261  68 363 253 493 161 340 162  15
 242 126 755 196 210 373 403 251 855 654 997 868 893  64 300 263 244 737
 377 627 359 434 393 555  23 906 719 766 514 679 241 349 135 477 111 277
 683 426  24 568 754 226 150 954 312  32 451 365 772 635 348 148 119 446
 912 799 936 898 767 462 995 699 956 217 590 977 916 125 732 792 511 710
 657 267 615 944 245 770 360 115 415 651 927 756 475 969 943 964 947 836
   9 951 414 361   3 153 175 350 398 869  85 105 492   6 708 298 983 476
 765 673 839 460 204  66 819  21 152 993 712 549  88 891 746  62 506 528
  81   5 561  70 932 268 329 938 227 926 488 630  27 782 619 576  41 806
 256 852 866 569 871 273 862 308 534 696  44 968 229 384 851 122 134 272
 859 652 490 147 143 597 236 557 116  42 136 949 423 781 425 777 797 416
 331 771 400 323 265 118 454 722 807 909 653 257 789 804 324 299 537 680
 112 131 505 356 672 828 554 289 702 776 515  22 650 692 320 353 394 595
 431 822 861 994 354 443 166 572 743 970 863 986 939 698 355 992 674 335
  80 824 521 876 399 834  71 865  26 665  99 259 676 233 230 326 803  48
 501 531 729 444 352 547 234  95 474 879 725 642 545 422 200 101 606 292
 288 628 634 102 401 960 535 459 254 239  49 850 457 301 953 381 413 660
 176 613 762 788 967 240 571 114 741 442 742 785 502 596 579 455 847  11
   1 179   7 818 388 904 610 201 507 364 920  30 546 890 559 833 294 202
 448 160  58 609 137 529 599 449 231 677 982 849 815 734 764 183 854 942
 237 191 213 886 931 728  10 120 959 406 281 262 616 958 526 274 228 341
 116 219 924  83 220 503 198 928 684 736 744 791  73 687  31 768 857 633
 794 351 318 154 661 311 603 504 464 315 985 180 428 853 508 190 846 600
 739 638 435 763 250 691 405 577 461 205 656 845  35 562   0   0   0   0
   0   0   0   0   0   0   0   0   0   0   0   0   0   0   0   0   0   0
   0   0   0   0   0   0   0   0   0   0   0   0   0   0   0   0   0   0
   0   0   0   0   0   0   0   0   0   0   0   0   0   0   0   0   0   0
   0   0   0   0   0   0   0   0   0   0   0   0   0   0   0   0   0   0
   0   0   0   0   0   0   0   0   0   0   0   0   0   0   0   0   0   0
   0   0   0   0   0   0   0   0   0   0   0   0   0   0   0   0   0   0
   0   0   0   0   0   0   0   0   0   0   0   0   0   0   0   0   0   0
   0   0   0   0   0   0   0   0   0   0   0   0   0   0   0   0   0   0
   0   0   0   0   0   0   0   0   0   0   0   0   0   0   0   0   0   0
   0   0   0   0   0   0   0   0   0   0   0   0   0   0   0   0   0   0
   0   0   0   0   0   0   0   0   0   0   0   0   0   0   0   0   0   0
   0   0   0   0   0   0   0   0   0   0   0   0   0   0   0   0   0   0
   0   0   0   0   0   0   0   0   0   0   0   0   0   0   0   0   0   0
   0   0   0   0   0   0   0   0   0   0   0   0   0   0   0   0   0   0
   0   0   0   0   0   0   0   0   0   0   0   0   0   0   0   0   0   0
   0   0   0   0   0   0   0   0   0   0   0   0   0   0   0   0   0   0
   0   0   0   0   0   0   0   0   0   0   0   0   0   0   0   0   0   0
   0   0   0   0   0   0   0   0   0   0   0   0   0   0   0   0   0   0
   0   0   0   0   0   0   0   0   0   0   0   0   0   0   0   0   0   0
   0   0   0   0   0   0   0   0   0   0   0   0]
