[411  94 901 134 894 285 815 211 784 791  80 658 761 880 753 487 119 847
 809 592 696 290 738 159  39 607 231 787 640 849 757 408 395 750   5 248
 944 184 609 943 450 490 120 857 161  82 215 379 567  75 597 934  21   6
 706 186 517 990 741 260 313 589 404 656  61 422 436 484  25 801 866 799
 426 917 608 698 415 225 868  34 680 522 670 255 563 494 244 614 870 529
 583 836 208 984 675  70  71 139 378 513 906 196 864  44 560 128  63 808
 574 496 763 253 116 113  59 187 634 543 903 561 190 708 539  41 198 927
 350 947 499  88 603 545 216 483 465 316 930 952 443 501 600 371 886 310
   1 980 375 430 480 904 390 405 278 647 296 940 458 433 293 734 800 147
 491 585  56 137 888 613 758 876  76 747 664 219 530 485 767 112 516 624
 717  66 822 374  68 271 407 735 604 305 820 668 946 388 193 191 764 731
 203 932  52 286 302 546 505 207 508 928 605 897 973  90 559 506 964 520
  91 976 993  50 569 720 241 269 102 226 140 153 936 200 858 478  45 183
 601 455 998 544 445  11   3 288 861 312 887 152 519  73 300 179 459 552
 177 442 909 438 342 532 893 456 380 819 274 252  58 878 477 249 817 759
 314  51 838 590 535 768 650 194 209 746  83 466 399 512 223 804 629 111
  23 873 649 239 716 616 637 123 889 695 612 582 409 135 281 772 370  35
 486 502 625 724 837 846 473 630 871 841 628 163 587 702 779 131 423  99
 103 382 217 920  64 238 287 812 700 351 573 357 835 572 421 319 387 875
 126 462 453 268 994 736 492 427  43 556 381 104 694 130 220 454 531 410
 144 865 100 537 232 950 890 284 273 122 555 435 783 981 327 803 133 523
 869 968 222  84 776 891 914 652 384  69 919  62 991  38 234 707 495 792
 942 451 672 141 570 972 401 848 554 588 469 471 472 789  60 676 437 428
 863 579 754 440 967 551  29  46 325 174 591 752 781 261 806 259 337 282
 524 323 536 156 756 424 406 794 364 121 170 719  48 416 192 811 632 953
 205 547 623 195 162 329 565 978 108 292 534 948 843 663 786 969 105  95
 115 149 283  92 168 814 164 988 918 558 705 667 910 172 107 447   0 813
 995 713 199  55 945  57 346 339 307 725  32 951 755 201 938  37 985 883
 348 322  14 151  96 202 444 826 352 606 660 805 320 619 396 334 392 821
 250  27 165 983 431 332 258 677  28 596 621 867 541 892 526 145 733  78
 704 419 581 643 331 941 765 659 986 412 468 272 354 639 213 638   8 662
 671 684 774 498 577 571 996 823 971   9 610 691  12 654 270 247 997 678
 898 340 336  13 167 518 593 548 448 852 214 441 884  81 188 475 233 303
 397 470 905 338 648 740 615 975 692 124 960 742 655 970 457 185 793 653
 687 257  85 377 790 955 636 386 154 385 245 236 635 178 816  93 879  53
 341 959 853 828 429 182  30 511 461 425 723 324 169 923 157 212 507 830
 743 280 488 414 718 796 237 439 221 189 598  74 703 722 372 308 854 714
 460 356 279 818 114 797 744 673 366 845 288 642 829 974  54 317 525 251
 298  36 538 398 679 527 782 481 669 246 125 977  24 155 432 129 732 345
  17 418 965  86 712 394 646 939 328 509 657 949 504 368 291 802 353 730
   7 175  47 701  49 349 913 644 937 855 954 686 795 780 256 710  79 771
 564  33 489 479  10 540 218 745 860 729  22 715 553 264 777 721 935 464
 895 132 631 243 856 773 775 689 359 999 127 962 666  97 599 576 617 982
   4 881 907 549 542 921 989 240 885 467 568 665 929 360 557 874 362  42
  65 176 400 294 403 778 827 365 295 683 389 326 833 594 306 902 966 297
 143 311 171 391 266 925 611 912 333 958 992 358 900 230  67 181 301 304
 749 807 760 916 262 289 117 709 330 933 839 685 697 109 825 138 641 840
 150 851 110  20 235 148 550 770 832 229  26 160 321  19 355 844 276 645
 318 463 101  72 922 872 497 566 393 363 688 651 584 197 347 166  89 263
 699 146 413 449 987 383 106 726 824 690 173 562 633 580 452 931 618  98
 578 622 474 206  77 369 575  87  16 420 711 210 674 751 682 762 924 834
 528 586 810 728 265 514 693 877 335 727 227 204 979 315 862 911 626 376
 533 503 493 476 595 788 361 482 961 602 254 158 627 309  40  18 963 180
 739 748 737 859 899 515 681 882 228 620 926 896 842 136 417   2 500 242
 661 267 769 402 343 299  15 908 275 118 344 277 831 142  31 224 915 510
 434 367 766 850 446 956 957 373 521   0   0   0]
