[421 827 155 664 898 191 895 335 435 694 835 571 195 960 199 327 659 656
 481 757 173 722 392 361 116 710 942 449 649  32 754 752 295 198  61 755
 846 409 371 466 950  47 916 157 583 370 927  17 176 257 531 795 573 379
 479  56 170 249 647 987  20 328 925 279 892 963 219 130  30 738 385  93
  54  64 476 824  43 514 926  65 646 471 230 440  96 930 785 955 874  99
 397 798 112 645 964 741 567 830 792 844 410 705 896  16 928 384 635 563
 224   7 424 689 506 282 489 325 142 513 945 430 740 172 296 773 532 593
 179 168 800  78 837 485  88 318 970 587 622 794 817 580 698 857 289 438
 913 243 248 996 495 585 329 356  36 377 340 746 956 378 739 419 192 228
  62 197 494 816 831 763 870   1  86 723  79 515 707 486 360 516 829 801
 164 543 880 462 145 862 322 848 138 247  67 416 823  48 625 185 579 123
 680 352 146 716 505 101 547 840 938 642 253 549 300 111 451 721 302 213
  87 271 885 683 611 128 150 187 530 976  28 682 239 834 814 323 711 480
 980 113 974 766 602 678 448 719 281 412 596 560 907 639 922 188 529 241
 886 414 828 733 401 407 363  84 971 288 866 853 405 758  73 619 975 544
 569 695 774 653 411 380 348 973  22 395  49 235 178 750 725 463 376 520
 546 225 804  38 119 461 215 400 891 500 934 845 299 728 269 908 699 663
 194 731 949 427 242 576 391 966 469 399 548 162 254 888 117 574   9 990
 681 434 968 359 718 687 594   4 590 890 658  83 483 887 588 408 864 160
   5 775 336 900 393 969 291  72 387 229  75 238 727 367 777 263 129 953
 903 762 232 983 768 313 106 319 654 771 202 675 604 778 692 709 877 688
 952 381 984 923 346 776 542 684 667 608 989 140 368 826 601 686 209 724
 624 765 456 807 125 554 749 818 321  55  53  63 126 102 558 947 156 261
 468 186 308 475  82 262  29 108 839 696 767 349 873 668 208 533 811 211
 474 836 139 375 277 958 992 441 796 283 266 524 154 135 161 499  14  33
 501 252 672 883 540 286 909 326 640 713 446 813 237 537 193 822 244 484
 200 630 426 929 704 272 706 425 136 137 597 538 972 566 420 708 525 183
 508 715 240 810 753 849  24 357 847 275 278 564 854 422 141 338 131 872
 470 861 267 120 344 562 995 233  59  12 518  25 280 442 521 577 460 332
 406 729 218 876  97 304 894 350 572 599 552 287 581 941 214 482 902 617
  68 779 736 745 553 362 621 104 398 935  26 901 502   3 358 643 557 222
 556 317 652 255 264 206 455 221 914  51 726 912 284 541 787  15 595 205
 305  13 977 109 473 431 315 962 487 820 802 143 911 636 353 751 114 788
 105 330 806 702 324 519 331 685 985 439 493 875 629 761 204 163 528 931
 559 110 465 523 793 151 772 842 196 372 648  44 720  39  77 386  95 464
 236 467 152 417 273 217 782 496 760  92 292 201 132 641 316 177 436 342
 662 616 149  71  23 660 396 615 982 614 786 780  76 374 369 919 382 166
 298 591 297 182 459 311 781 180  91 783 904 924 159 509  66 994 181 759
 575 418 743 999  52 285 623 259 339 256 175 832 915 568 433 986 644 965
 674 301  41 231 450 805 671 153 561  42 118 797 343 584 404 882 893 351
 545 245 697 933 717 918  37 991 452 803 478 690 860 634 603 637 981 764
 612 735 453 939 609 373 303 511 498 679 651 454  27 633 586 632 592 103
 878 600 936 920 334 443 921 389 472 290 988 819 121 979 364  69 951 227
 742 703 673 147 712 314  81 769  80  46 492 345 415  50 507 730 838 657
 959 536 207 661 812 444 388 337 394 488 799 526 226 998 555 825 701 402
 403 127 677 997 565 855 905 491 550 670 655 889  45 270 734 203 852  10
  35   0  98 390 144 428 306 879  74 167 859 458 865 937 293 899 993 669
 570 447 598 821 341 737 432 881 748 169 512 867 189 383 517  31 897 437
 978  34 133 944 354 165 534 650 115  21 627  60 171 445 497 355  85 122
 606 666 423 943 884 250 582 477 676 527 863 312  18 276 869 856 454 413
 294 756 605 954   0   0   0   0   0   0   0   0   0   0   0   0   0   0
   0   0   0   0   0   0   0   0   0   0   0   0   0   0   0   0   0   0
   0   0   0   0   0   0   0   0   0   0   0   0   0   0   0   0   0   0
   0   0   0   0   0   0   0   0   0   0   0   0   0   0   0   0   0   0
   0   0   0   0   0   0   0   0   0   0   0   0   0   0   0   0   0   0
   0   0   0   0   0   0   0   0   0   0   0   0]
