[394 980 551  24 252 101 920 514 345 391 650 400 187 846 431 620 938 933
 695 157 848 841 134  81  63 523  51 724 548 993 764 288 152 893 376  70
 253 491 552 103 463 380 873 208 138 116 371 108 970 338  84 110 335 726
 984 246 543 185 843 159 811 906 273 858 114 549 740 227 802 126 266 365
 340 929 884  17 694 530 965 451 606 503 834  15 517 251 794  89 270 112
 649 109 781 667 236 473 666 212 124 214 707 439 213 190 662 299 683 210
  20 351  42   3 762 947 354 175 373 838 358 962 118 285 375 302 950 173
 785 442 100 702 435 638 948 782 415 725 968 880 995 770 497 558  26 930
  46 181 715 855  87  35 180 531 598 265 381 369 194 519  27 646  98 409
 608  93 475 727  78 363 199 169 474 919 856 243 393 458 607 441 484 534
 588 356 184 903 953 403 452 399 295 498 120 835  39 140 158 783 500 327
 813 563 913 593  48 733 567 238 438 697 481 789 793 162 605 174 921 333
 917 615 872  30 331 267 464 690 883 612 538 672 215 346 888 249 264 611
 336  10 255 117 389 286 665 584 790 513 524 911 910 805 153 423 967 115
 432 874 796 482  16 922 778 648 485 193 682 800 897 396   7 496 541 384
 129 260  29 395 999  65 344 457 291 362 290 417 209 301 787 339 801  90
 382 866 809 111 317 717 975 279 342 316 127 832 927 808 776   8 334  57
 732 876 685 269 692 170 941 981 706 703 507 256 686 669 544 276 879 511
 527 281 420 713 596 749 532 467 321 303 956 244 479 155 592 784 602  72
 826 515 135  64 996 788 434  76 634 312 228  92 512 160 392 557 564 621
 419 810 537  13 881 198 568 368 998 508 359 896 656 113 616 729 814 205
 426 430 454 522 131 944 410 235  37  68 775  43 817 164 493 574 271 769
 539 609 550 350 556 693 406 143 912 907 701 429 119 581 949 387  21 402
 946 935 807 409 900 840 671 577 477 747 132 128 712 684 766 525 449  25
 643 156 644  40 583 704 182 183 678 455 825 242 283 924 418 233  73 971
 992   9 245 445 738 716 816 383 668 259 795 506 553 234 322 730 806 622
 489 722 241 828 230 104 422 413 562 877 760 314 225 601 559 480 561 972
 261  96 829 630 797 310 130 520 189 831 923 297  94 710  59 197 136  34
 983 767 799 849 330 408   5 959 589 899 361 804  33 571 590  55 149 478
  14 272 414 890 859 469 597 504 791 280 635 444 229 931 728 231 898 696
 262 908 518  86 172 623 763 990 179 916 370 254 151 560  99  80 837 145
 492 720 204 905 628 529 284 663 411 465 647 401 398 777 278 991 239 186
 123 580 833 886 658 287 137 850 932 348 191 178 691 147 661  69 830 882
 315 748 664 670 586 386 982 258 222 977 177 450 220 572 528 296 142 645
 887 827 167 510 610 943 476 633 926 861 744 901 247 221 206 505 582 105
 719 347 526 735 779 914  18 459 122 226 940 282 364  82 502 792 274 195
  58 942 904 818 857   6 240 864 820  54 723 176 803 614 546 836 576 540
 298 737 587 889 594 875  19 625 569 275 218 957  66 460 878 771 405 642
 798  60 659 293 412 427 973 711  62 390 397  95 367 960 150 745 768  50
 815 865 106 313  71 945 121   4 404 201 673 868 699 687 847 753 516 378
 165 355 440 689 453 388 698 237 207 743 554   0   0   0   0   0   0   0
   0   0   0   0   0   0   0   0   0   0   0   0   0   0   0   0   0   0
   0   0   0   0   0   0   0   0   0   0   0   0   0   0   0   0   0   0
   0   0   0   0   0   0   0   0   0   0   0   0   0   0   0   0   0   0
   0   0   0   0   0   0   0   0   0   0   0   0   0   0   0   0   0   0
   0   0   0   0   0   0   0   0   0   0   0   0   0   0   0   0   0   0
   0   0   0   0   0   0   0   0   0   0   0   0   0   0   0   0   0   0
   0   0   0   0   0   0   0   0   0   0   0   0   0   0   0   0   0   0
   0   0   0   0   0   0   0   0   0   0   0   0   0   0   0   0   0   0
   0   0   0   0   0   0   0   0   0   0   0   0   0   0   0   0   0   0
   0   0   0   0   0   0   0   0   0   0   0   0   0   0   0   0   0   0
   0   0   0   0   0   0   0   0   0   0   0   0   0   0   0   0   0   0
   0   0   0   0   0   0   0   0   0   0   0   0   0   0   0   0   0   0
   0   0   0   0   0   0   0   0   0   0   0   0   0   0   0   0   0   0
   0   0   0   0   0   0   0   0   0   0   0   0   0   0   0   0   0   0
   0   0   0   0   0   0   0   0   0   0   0   0]
