[280 678 348 707 229 877  20 761 179 718   7  53 160 312 695 158 437   4
 971 974 965 294 956 186 335 488 271 686 599 979 907 400 164 712 620 725
  19 732 454 621  42 249 307 522 484 940 473 683 609 508  34 831 445 397
 390 246 555  82 788 469 754 781 533 774 791 851 412 359 220 584 292 976
 952 465 342 433 272 920  85 326 483 793 583  35 114 615 132  92 259 448
 346 717  61  97 910 316 884 646 391 883 927 383 922 166 127 498 440 341
 966 987 344 145  69 144 142 413 766 724 103 872  15 283 733 576 482 476
 835 394 450 737 106 985 996 147 410 825 296 357 544 982 281 377 926 833
 519 225 636  30 566 120 190 775 545 217 886 984 434 969 710 918 459 468
 206 122 880 406 967 497  83 367 692 561 253 682 587 516 141 201 389 131
 491 644  50 130 255 762 387 466 727 906  17 365 758 882 706 634 871 338
 452 614 188  41 197 430 708 219  43  86  11 556 768   0 693 960  71 853
 523 811 588 953 720 347  13 858 842 860 536 908   6 914 514 560 955 933
 846 795  14 730 736 743  88 425 293 361 332 449  62 822 200 838 734 681
 672  76 564 453 944 721 353 301 299  60 613 376 384 946 625 998 415 222
 896 635 438 742  66 382 664 511 224 939 458 128 172 118 808 662 285 257
 849 750 579 700  90 778 512 196 265 828 274 261 915 210 494 322 641 492
  25 958 455 503 218 227 917 525 247 773 941 663 753 581 647 237 605 961
 787 457 598 230 893 973 123 213 627 767 865 209 185 116  72 358 837 557
 777 897 622 152 329 175 526  77  98  81 134 919 375 981 651 899 948 769
  68 719 140 854 593 728 612 288 709 675 124 874 640 138 977 885 323 117
 722 327 844 462 995 606 592 554 109  39 679 403 673  87 596 643 426 424
 416 617 378 170 602 923 309 137 573  73  27 595 204 263 136 591 723 105
 829 755 260 659 794 668 867 801 964 248 356 355  78 803 881 765 934 938
 821  51 339 435 740 129 419 374  55 912 306 714 780 701 546 478 786 443
 242 738 577 563 942 834  89 399 470 133 388 543 806  96 168 687  44 401
 418 895 539 741 343 143 155 814 524 273 711 704 110 180 153  36  24 570
 436 193 216  84 371 444 815 655 684 189 949 439 763 890 411 325 921 658
 404 749 549 535 807 392 930 832 785 446 817 611 980 115 827 270 256 572
 101 600 852 909 888 990 739 528  33 176 481  75 903 812 345   5 102 590
  91 989 770 809 223 690  37 317 236 776 764  99 873 870 113 321 667 360
 889 804 698 836 228 608 637 463 447 181 499 417 797   8 900 603 395 351
  16 461 252 715 665 656 266 653  93 697 244 302 245 691 943  32 214 510
 558 913 968 289 802 994 148  18 369 879  58 112 151 505 336 541 928  55
 330 156 779 991 862 799 208  64 125 490 464 362 221 487 951 264 202 298
 119 178 744  70 696 826 932 532 970 983 959 198 540 859 379 924 207 154
 630 878 165 396  56 816   1 163 869  59 654 542 409 349 295 954  54 792
 800 629 810 451 861 824  23 187 685 628 863 506 626  48 366 211 820 735
  63 747 868 509 745 857 284 442 601 231 195 269 972  40 866  65 997 232
  10 830 963 300  46 551 901 243 194 950 782 428 645  80 277 456 823 657
 431  29 215 290 565 398 618 848 751 661  52 748 314 297 569 790 783 364
 199 929  28 386 381 174 515 674 571 507 234 713 904 905 279 287 315 313
 567 559 703   9 892 161 502 518 610 267 337 530   3 203 855 182 760 898
 520 639  94 305 676   0   0   0   0   0   0   0   0   0   0   0   0   0
   0   0   0   0   0   0   0   0   0   0   0   0   0   0   0   0   0   0
   0   0   0   0   0   0   0   0   0   0   0   0   0   0   0   0   0   0
   0   0   0   0   0   0   0   0   0   0   0   0   0   0   0   0   0   0
   0   0   0   0   0   0   0   0   0   0   0   0   0   0   0   0   0   0
   0   0   0   0   0   0   0   0   0   0   0   0   0   0   0   0   0   0
   0   0   0   0   0   0   0   0   0   0   0   0   0   0   0   0   0   0
   0   0   0   0   0   0   0   0   0   0   0   0   0   0   0   0   0   0
   0   0   0   0   0   0   0   0   0   0   0   0   0   0   0   0   0   0
   0   0   0   0   0   0   0   0   0   0   0   0   0   0   0   0   0   0
   0   0   0   0   0   0   0   0   0   0   0   0   0   0   0   0   0   0
   0   0   0   0   0   0   0   0   0   0   0   0   0   0   0   0   0   0
   0   0   0   0   0   0   0   0   0   0   0   0]
