[379 256 832 399 355 115 554 799 737 394 785 151 606  97 636 743 291 781
 369 859 240 922 131 934 808 481 121 621 918 222 782 447 757 746 915 773
 426 227 343 452 587 625 741 298 976 643  78 592 618 628 299  40 190 827
 674 251 718 696 792 927 264 787 851 700 160 801 802 202 349 544 993 153
 725 729 546 320 916 844 174 357 974 903 424 105 868 593 430 799 858  25
 552 109 961 516 485  30 275 150 486 811 898 353 294  87 500 333 404 478
 883 580 439 523 804 610 835 537 561 309 932 139 699 935 925 329 758 944
 856 691 501 208 498 742 928 519 772 130 390  92 389 509 496 724 383 776
 515 962 987 707 413 457 364 837 926 947 771 181 849 836 603 239 338 186
 874  49 975 317 786 417 310 380 435 870 201 400 706 216 354 188 195 423
  76 573 629 489  57 850 704 450 656 405 654 412 293  26 410 640  24 443
 994 232 266 814 809 125 683 155 199 623 684   1 284  65  69 163 524 942
 356 432  61 873  91  10 316 414 599 493 815 612 730 103 395 408 805 473
 143 110 895 141 596 438 548 661 530 152 667  68 189 638 798 185 664 252
 287 377 620 547 574 449 138 145 289 727  96 567 187  21  53 463   5 319
 694 693 217 589 518 513  41 526 545  39 723 482 444 649  37 559 671 779
 812 946 988  82 529  34 980 733 888 260 305 831 644 662 348 571 362 998
 611 373 236 224 604 681 234 846 672 904 598  93  52 861 281 245 249 989
 330 789 659 280 262 282 175 979 614 382  16 738 728 820  90 624 938 169
 147  64 407 825 991 765 468 829 325  54 866 431 120 894 795 747 893 884
 940 514 985 945 753 721  75  15 267  73 161 978 283 441 803 508 848 398
 852 637 108 215 682 818 966 250 313  42 959 528 221 492 937 788 107 345
  19 261 213 864 711 971 197 359 550 616 714  56 183 306 689 223 882 762
 768 687 876 340 360 575 321 427 583 118 490 933 533 347 990 806 813  20
 460 879 930 751 981 156 149 502 458 198 645 290  23 553 246 845 461 517
 847   6  70 467 102 336 952 562 890 609  80 686 278 542 312 491 607 557
 296 630 653 387  46 300 543 857 585 677 434  99 218 619 655 372  72  43
 982 780 627 736 522 764 666 134  50 127 159 144 652 917 997 986 763 520
 386 712 168 863 328 178 448 744 504  33 276 445 422 886 613 193 816  98
 924  47  67 828  95 968 860 192 715 207  22 807 719 307 901 665   0   0
   0   0   0   0   0   0   0   0   0   0   0   0   0   0   0   0   0   0
   0   0   0   0   0   0   0   0   0   0   0   0   0   0   0   0   0   0
   0   0   0   0   0   0   0   0   0   0   0   0   0   0   0   0   0   0
   0   0   0   0   0   0   0   0   0   0   0   0   0   0   0   0   0   0
   0   0   0   0   0   0   0   0   0   0   0   0   0   0   0   0   0   0
   0   0   0   0   0   0   0   0   0   0   0   0   0   0   0   0   0   0
   0   0   0   0   0   0   0   0   0   0   0   0   0   0   0   0   0   0
   0   0   0   0   0   0   0   0   0   0   0   0   0   0   0   0   0   0
   0   0   0   0   0   0   0   0   0   0   0   0   0   0   0   0   0   0
   0   0   0   0   0   0   0   0   0   0   0   0   0   0   0   0   0   0
   0   0   0   0   0   0   0   0   0   0   0   0   0   0   0   0   0   0
   0   0   0   0   0   0   0   0   0   0   0   0   0   0   0   0   0   0
   0   0   0   0   0   0   0   0   0   0   0   0   0   0   0   0   0   0
   0   0   0   0   0   0   0   0   0   0   0   0   0   0   0   0   0   0
   0   0   0   0   0   0   0   0   0   0   0   0   0   0   0   0   0   0
   0   0   0   0   0   0   0   0   0   0   0   0   0   0   0   0   0   0
   0   0   0   0   0   0   0   0   0   0   0   0   0   0   0   0   0   0
   0   0   0   0   0   0   0   0   0   0   0   0   0   0   0   0   0   0
   0   0   0   0   0   0   0   0   0   0   0   0   0   0   0   0   0   0
   0   0   0   0   0   0   0   0   0   0   0   0   0   0   0   0   0   0
   0   0   0   0   0   0   0   0   0   0   0   0   0   0   0   0   0   0
   0   0   0   0   0   0   0   0   0   0   0   0   0   0   0   0   0   0
   0   0   0   0   0   0   0   0   0   0   0   0   0   0   0   0   0   0
   0   0   0   0   0   0   0   0   0   0   0   0   0   0   0   0   0   0
   0   0   0   0   0   0   0   0   0   0   0   0   0   0   0   0   0   0
   0   0   0   0   0   0   0   0   0   0   0   0]
