[893 438 690 881 388 651  77 123 621 459  30 110 316 212 854 783 734 918
 816 407 691 107 446 946 223 803  69 694  42 319 250 111 903   1 160 522
 345 737 109 555  64 280 119 571 506 574 598  15 696 860 660 726 681 902
 757 932  74  99 643 520 242 754  96 202 709 272  85 989 229 930 865 788
 163 171 278 777 701 958 362 368 552 661 767 948 237 576 198 125 678 832
 137 697 939 600 972 692 521 712 758 157 996 866 924 375 126 609 243 840
  66 638 780  16 468 582 619 636 177 909 631 807 920  13 905 295 301  34
 282  95 174 185  35 710 367 271 457 267 991  17  38 475 797 959 794 766
 511 389 255 667  67 659 789 353 884 717 480 604 639 966  29 330 963 606
 360 601 352 665 572 781 558  65 187 761  36 416  28 108 706 182  52 925
  49 483 265 406 674 390 546 708 736 398 413 442 329 377 957 285 494 771
  58 622 567 670 461  61 431 568  71 791 254 304 938 148 863 603 699 173
 616 594 533  80 307 703 770 646 599 828 585 402 981 275 469 201 848 199
 793  87 775 870 239  56 640 666 825 541 633 370 705 586 707 748 856 220
 354 333 782 289 700 859 792 115 851 235 741 868 738 980 537 776 404 392
 645 595 565   4 751 336  19 463 150 168 106 183 391 405 350 967 702 471
 500 630 328 496 988 871 502 306 269 684 364 655 420 969 297 680 892 102
 908 476 429 504 499 443 287 874 224 258 614 175 152 426 827 826 550 314
 503 773 882 191 214 570 994   8 954 209 551 326 641 263 454 579 381 331
 219 763 498 276 478 755 662 190 671 385 344 196 979 424 647 231 886 141
 642 814 634  91 101 993  47  59 618 752 378 186 912 322 230 749 363 300
 750 774 916 482 195 713 845 247 114 921 545 553 836 799 303 408 765 677
 975 516 432  21 382 838 883 403  11 425 560 512 834  33 423 527 495 718
 846 808 623  40 913 817 206 473 311 373 605 396 320  94 466 880 899 470
 409 221 411 839 974 656 118 790 802  62 620 689 561 399  51  82 288  89
 810 844  23  54 855 489 617 164   2 529 358  14 135 869 154 530 687  92
 415 635 211  97  88 650 410  22 573 965 944 715 664 911 298 716 479 947
 165 159 714 296  60 169 910 412 386 875 563 584 929 648 342 493 898 343
 130 217  10 139 730 850 980 779 241 559 213 592 104 355 928 283 625 233
 922 798 818 983 456 847 711 785 453 956 124 945 746 764 937 238 349 492
 611 395 100  79 517 474 626 668 831 723 961 216 588 995 557 888 305  27
 421 215 800 525 543 704 281 923 837 915 144 731 676 428 720 359 608 286
 317 815 657 184 843 257 259 637 627 138 964 917 414 312 540  37 830 663
 192 376 236 768 970 613 744 491 356 698 227 587 861 346 628  24 982 849
 460 986 290  12 583 292 366 450 581  44 189 131  18  63  83 444   0   0
   0   0   0   0   0   0   0   0   0   0   0   0   0   0   0   0   0   0
   0   0   0   0   0   0   0   0   0   0   0   0   0   0   0   0   0   0
   0   0   0   0   0   0   0   0   0   0   0   0   0   0   0   0   0   0
   0   0   0   0   0   0   0   0   0   0   0   0   0   0   0   0   0   0
   0   0   0   0   0   0   0   0   0   0   0   0   0   0   0   0   0   0
   0   0   0   0   0   0   0   0   0   0   0   0   0   0   0   0   0   0
   0   0   0   0   0   0   0   0   0   0   0   0   0   0   0   0   0   0
   0   0   0   0   0   0   0   0   0   0   0   0   0   0   0   0   0   0
   0   0   0   0   0   0   0   0   0   0   0   0   0   0   0   0   0   0
   0   0   0   0   0   0   0   0   0   0   0   0   0   0   0   0   0   0
   0   0   0   0   0   0   0   0   0   0   0   0   0   0   0   0   0   0
   0   0   0   0   0   0   0   0   0   0   0   0   0   0   0   0   0   0
   0   0   0   0   0   0   0   0   0   0   0   0   0   0   0   0   0   0
   0   0   0   0   0   0   0   0   0   0   0   0   0   0   0   0   0   0
   0   0   0   0   0   0   0   0   0   0   0   0   0   0   0   0   0   0
   0   0   0   0   0   0   0   0   0   0   0   0   0   0   0   0   0   0
   0   0   0   0   0   0   0   0   0   0   0   0   0   0   0   0   0   0
   0   0   0   0   0   0   0   0   0   0   0   0   0   0   0   0   0   0
   0   0   0   0   0   0   0   0   0   0   0   0   0   0   0   0   0   0
   0   0   0   0   0   0   0   0   0   0   0   0   0   0   0   0   0   0
   0   0   0   0   0   0   0   0   0   0   0   0]
